GVEINVKCSGSPQCLKPCKDAGMRFGKCMNRKCHCTPK
1.48882	2.56548	1.27148
1.4833	-0.57611	1.15654
1.34717	-1.35353	1.05964
1.43751	-3.04596	1.11861
1.51317	1.70968	1.3144
1.31291	-1.68404	1.20545
1.44441	-3.11046	0.930032
1.48947	2.68289	1.30884
1.28872	-2.73331	1.0849
1.43254	-3.09023	1.06019
1.50815	2.40471	1.26656
1.33555	-2.54595	1.0563
1.44484	3.13298	1.1007
1.51427	1.41206	1.25466
1.32289	-1.90078	1.15558
1.44057	-3.12442	0.995371
1.52618	2.47053	1.24623
1.32384	-2.54234	1.08549
1.45344	-3.12256	1.04752
1.52297	1.37246	1.25544
1.33407	-1.988	1.10744
1.4596	3.11733	1.03076
1.51454	2.20026	1.1891
1.30896	-2.72672	1.1649
1.43403	-3.09507	0.984437
1.5148	2.50153	1.29975
1.31784	-2.18194	1.08532
1.44566	3.07002	1.06458
1.52329	-1.13236	1.2112
1.32307	-2.92538	1.09544
1.46477	3.1211	1.01411
1.54468	1.15289	1.14336
1.34357	0.800245	1.06189
1.47058	3.0963	0.995805
1.52038	1.11467	1.12327
1.32868	0.46677	1.08838
1.45707	-3.13099	1.04029
1.52225	1.12897	1.22071
1.33734	0.546143	1.10988
1.46445	-3.09693	1.01647
1.53145	1.44959	1.23557
1.33458	0.410539	1.10796
1.45778	-3.0866	1.03182
1.53455	1.05846	1.22144
1.33919	0.569224	1.10705
1.46353	3.1292	1.02237
1.53386	1.18127	1.17741
1.35118	0.934973	1.05888
1.46794	-3.11391	1.02739
1.53772	0.977189	1.19491
1.33253	0.678337	1.10918
1.45928	-3.13414	1.0346
1.53103	1.25933	1.20806
1.33705	0.436414	1.10065
1.46318	-3.12663	1.02322
1.52332	1.04758	1.21666
1.33057	0.872862	1.11558
1.45485	-3.12438	1.02257
1.52771	1.2189	1.21221
1.34046	0.370395	1.1009
1.46243	-3.12817	1.03521
1.5402	1.35521	1.1818
1.33617	0.123147	1.09059
1.45861	-3.10873	1.03282
1.52434	-1.25591	1.13955
1.33025	-0.306528	1.08962
1.46527	-3.13991	1.02512
1.53158	1.89745	1.20087
1.33665	3.13765	1.10551
1.46564	3.1392	1.01832
1.53642	2.2095	1.19225
1.33812	-2.65376	1.11367
1.47191	-3.12902	0.996933
1.5346	-1.00773	1.17693
1.34293	-2.64854	1.11846
1.46145	-3.14003	1.02491
1.52752	3.02613	1.16768
1.34046	2.98295	1.10805
1.46977	-3.14079	1.00962
1.53926	2.66279	1.20613
1.34056	2.95518	1.09317
1.47103	3.12936	1.0248
1.53689	2.3199	1.17802
1.33848	-3.05879	1.12539
1.4667	-3.1276	0.99997
1.53333	2.8011	1.211
1.34482	-2.70517	1.10526
1.47841	3.12869	0.991352
1.53431	0.626813	1.17352
1.33027	0.624534	1.10889
1.46292	-3.12356	1.01897
1.5421	2.71393	1.19858
1.34105	-0.36019	1.10138
1.47303	3.11838	1.00885
1.53955	2.40333	1.183
1.34121	-2.82038	1.11215
1.47378	3.14136	1.00449
1.53462	1.91707	1.20471
1.33191	-2.78423	1.10831
1.46257	-3.09079	1.01509
1.53879	2.21185	1.21158
1.34052	-2.14797	1.08746
1.47108	-3.11604	1.02787
1.53495	2.12175	1.21826
1.33906	-2.55615	1.08738
1.46914	-3.14137	1.03129
1.53859	2.15147	1.18345
1.35557	-1.85195	1.07761
1.47019	-3.13449	0.998225
1.53611	1.32902	1.16863
1.3412	-2.6946	1.0986
1.47499	-3.13508	1.01399
1.53052	0.84902	1.19343
