dvec3(11.742757, -1.202436, 1.557000)
dvec3(1.483303, 0.075857, 2.490991)
dvec3(1.347171, 1.163420, 1.059644)
dvec3(1.437507, -3.045965, 1.118608)
dvec3(1.513173, 1.709681, 1.314398)
dvec3(1.312906, -1.684035, 1.205454)
dvec3(1.444411, -3.110462, 0.930032)
dvec3(1.489473, 2.682889, 1.308838)
dvec3(1.288716, -2.733314, 1.084901)
dvec3(1.432537, -3.090231, 1.060192)
dvec3(1.508148, 2.404711, 1.266559)
dvec3(1.335546, -2.545946, 1.056302)
dvec3(1.444836, 3.132982, 1.100703)
dvec3(1.514271, 1.412059, 1.254656)
dvec3(1.322893, -1.900780, 1.155577)
dvec3(1.440572, -3.124425, 0.995371)
dvec3(1.526183, 2.470532, 1.246225)
dvec3(1.323844, -2.542336, 1.085486)
dvec3(1.453438, -3.122563, 1.047516)
dvec3(1.522970, 1.372460, 1.255440)
dvec3(1.334070, -1.988001, 1.107444)
dvec3(1.459599, 3.117325, 1.030759)
dvec3(1.514537, 2.200255, 1.189098)
dvec3(1.308963, -2.726715, 1.164901)
dvec3(1.434033, -3.095066, 0.984437)
dvec3(1.514800, 2.501527, 1.299752)
dvec3(1.317844, -2.181939, 1.085322)
dvec3(1.445662, 3.070025, 1.064577)
dvec3(1.523288, -1.132359, 1.211196)
dvec3(1.323074, -2.925380, 1.095438)
dvec3(1.464773, 3.121099, 1.014111)
dvec3(1.544680, 1.152892, 1.143361)
dvec3(1.343569, 0.800245, 1.061895)
dvec3(1.470577, 3.096301, 0.995805)
dvec3(1.520378, 1.114675, 1.123268)
dvec3(1.328678, 0.466770, 1.088377)
dvec3(1.457066, -3.130994, 1.040286)
dvec3(1.522254, 1.128968, 1.220710)
dvec3(1.337345, 0.546143, 1.109877)
dvec3(1.464455, -3.096927, 1.016472)
dvec3(1.531452, 1.449587, 1.235566)
dvec3(1.334577, 0.410539, 1.107962)
dvec3(1.457775, -3.086597, 1.031821)
dvec3(1.534554, 1.058464, 1.221438)
dvec3(1.339186, 0.569224, 1.107047)
dvec3(1.463531, 3.129198, 1.022368)
dvec3(1.533865, 1.181273, 1.177412)
dvec3(1.351181, 0.934973, 1.058884)
dvec3(1.467939, -3.113912, 1.027395)
dvec3(1.537721, 0.977189, 1.194908)
dvec3(1.332530, 0.678337, 1.109179)
dvec3(1.459278, -3.134137, 1.034599)
dvec3(1.531028, 1.259335, 1.208062)
dvec3(1.337054, 0.436414, 1.100649)
dvec3(1.463184, -3.126633, 1.023217)
dvec3(1.523324, 1.047584, 1.216658)
dvec3(1.330570, 0.872862, 1.115581)
dvec3(1.454846, -3.124385, 1.022575)
dvec3(1.527709, 1.218904, 1.212207)
dvec3(1.340464, 0.370395, 1.100902)
dvec3(1.462427, -3.128174, 1.035207)
dvec3(1.540200, 1.355207, 1.181799)
dvec3(1.336173, 0.123147, 1.090592)
dvec3(1.458608, -3.108733, 1.032818)
dvec3(1.524340, -1.255906, 1.139547)
dvec3(1.330245, -0.306528, 1.089616)
dvec3(1.465268, -3.139907, 1.025121)
dvec3(1.531576, 1.897447, 1.200868)
dvec3(1.336646, 3.137654, 1.105509)
dvec3(1.465635, 3.139199, 1.018324)
dvec3(1.536422, 2.209496, 1.192247)
dvec3(1.338120, -2.653765, 1.113668)
dvec3(1.471912, -3.129022, 0.996933)
dvec3(1.534603, -1.007732, 1.176927)
dvec3(1.342931, -2.648535, 1.118462)
dvec3(1.461449, -3.140029, 1.024912)
dvec3(1.527516, 3.026126, 1.167683)
dvec3(1.340464, 2.982949, 1.108052)
dvec3(1.469768, -3.140791, 1.009621)
dvec3(1.539255, 2.662788, 1.206131)
dvec3(1.340560, 2.955175, 1.093173)
dvec3(1.471033, 3.129359, 1.024796)
dvec3(1.536887, 2.319901, 1.178017)
dvec3(1.338481, -3.058794, 1.125393)
dvec3(1.466703, -3.127603, 0.999970)
dvec3(1.533326, 2.801102, 1.210997)
dvec3(1.344823, -2.705173, 1.105263)
dvec3(1.478411, 3.128686, 0.991352)
dvec3(1.534309, 0.626813, 1.173521)
dvec3(1.330267, 0.624534, 1.108887)
dvec3(1.462921, -3.123559, 1.018970)
dvec3(1.542096, 2.713934, 1.198582)
dvec3(1.341047, -0.360190, 1.101384)
dvec3(1.473025, 3.118379, 1.008849)
dvec3(1.539549, 2.403327, 1.183004)
dvec3(1.341206, -2.820382, 1.112149)
dvec3(1.473783, 3.141365, 1.004493)
dvec3(1.534617, 1.917073, 1.204707)
dvec3(1.331907, -2.784228, 1.108308)
dvec3(1.462568, -3.090788, 1.015088)
dvec3(1.538790, 2.211847, 1.211584)
dvec3(1.340525, -2.147966, 1.087463)
dvec3(1.471083, -3.116044, 1.027870)
dvec3(1.534953, 2.121747, 1.218256)
dvec3(1.339065, -2.556148, 1.087383)
dvec3(1.469136, -3.141373, 1.031288)
dvec3(1.538587, 2.151465, 1.183454)
dvec3(1.355567, -1.851951, 1.077607)
dvec3(1.470193, -3.134492, 0.998225)
dvec3(1.536105, 1.329017, 1.168628)
dvec3(1.341196, -2.694602, 1.098605)
dvec3(1.474985, -3.135075, 1.013986)
dvec3(1.530523, 0.849020, 1.193426)
